8 0 0 0 0 0 0 0 0 0 0 0 0 0 0 0 
c 0 0 0 0 0 0 0 0 0 0 0 0 0 0 0 
e 0 0 0 0 0 0 0 0 0 0 0 0 0 30 0 
f 0 0 0 0 0 0 0 0 0 0 0 3f fe 1e 0 
9 0 0 0 0 0 0 0 0 0 0 0 3f fe 1f e0 
8 80 0 0 0 0 0 0 0 0 0 0 3f fe 0 b8 
8 40 0 0 0 0 0 0 0 0 0 0 0 1e 0 80 
3f e0 0 0 0 0 0 0 0 0 0 0 0 fe 0 80 
8 0 0 0 0 0 0 0 0 0 0 0 f fc 0 80 
8 0 0 0 0 0 0 0 0 0 0 0 3f e0 0 80 
0 0 0 0 0 0 0 0 0 0 0 0 3f 80 0 80 
0 0 0 0 0 0 0 0 0 0 0 0 3f 0 0 80 
0 0 0 0 0 0 0 0 0 0 0 0 3e 0 21 80 
20 0 0 0 0 0 0 0 0 0 0 0 3f c0 1f 80 
e0 0 0 0 0 0 0 0 0 0 0 0 1f f8 1f c0 
0 0 0 0 0 0 0 0 0 0 0 0 3 fe 1 f8 
0 0 0 0 0 0 0 0 0 0 0 0 0 7e 0 38 
8 0 0 0 0 1c 0 0 0 0 0 0 3f fe c 0 
1a 0 0 0 3 ff f0 0 0 0 0 0 3f fe 1e 0 
13 e0 0 0 f ff fe 0 0 0 0 0 3f fe 6 0 
33 60 0 0 1f ff ff 80 0 0 0 0 3f fe 22 40 
21 20 0 0 3f ff ff 80 0 0 0 0 3f fc 22 40 
1 20 0 0 3f ff ff e0 0 0 0 0 0 0 22 40 
1 20 0 0 7f ff ff f8 0 0 0 0 0 0 12 40 
1 20 0 0 ff ff ff fc 0 0 0 0 0 0 1a 40 
3f 20 0 0 ff ff ff ff 0 0 0 0 c 0 3f c0 
e 0 0 0 ff ff ff ff 80 0 0 0 1c c0 7 80 
0 0 0 1 ff ff ff ff c0 0 0 0 3e e0 0 0 
0 0 0 1 ff ff ff ff c0 0 0 0 3e e0 0 0 
f 0 0 1 ff c3 ff ff e0 0 0 0 36 60 4 0 
f 80 0 1 ff 83 ff ff f0 0 0 0 27 20 c 0 
1d c0 0 3 fc 0 1f ff f8 0 0 0 23 70 1f 80 
3d 60 0 3 f8 0 3 ff f8 0 0 0 23 70 30 c0 
25 20 0 3 f8 0 0 ff f8 0 0 0 33 e0 20 40 
5 20 0 3 f8 0 0 3f fc 0 0 0 3f e0 20 40 
5 20 0 3 f8 0 0 7 fe 0 0 0 3f e0 30 40 
5 20 0 3 f8 0 0 7 fe 0 0 0 3f e0 10 40 
1 20 0 3 f8 0 0 1 ff 0 0 0 20 0 0 c0 
0 0 0 3 f8 0 0 0 ff 0 0 0 0 0 0 80 
0 0 0 3 f8 0 0 0 7f 0 0 0 0 0 0 80 
0 0 0 1 fc 0 0 0 7f 0 0 0 0 0 0 0 
1c 0 0 1 fc 0 0 0 3f 0 0 0 0 0 c 0 
7 80 0 1 fe 0 0 0 3f 0 0 0 3f e0 1f 0 
1 e0 0 0 ff 0 0 0 3f 0 0 0 3f e0 13 80 
0 60 0 0 ff c0 0 0 3f 80 0 0 3f e0 22 40 
0 0 0 0 ff e0 0 0 3f 80 0 0 0 c0 22 40 
3f e0 0 0 7f f8 0 0 3f 0 0 0 0 40 22 40 
3f e0 0 0 7f fe 0 0 7f 0 0 0 0 60 12 40 
3f e0 0 0 7f ff 0 0 7f 0 0 0 0 60 12 40 
2 0 0 0 3f ff e0 0 ff 0 0 0 0 60 1a 80 
3 0 0 0 1f ff ff 1 ff 0 0 0 0 70 3 80 
3 0 0 0 1f ff ff ff ff 0 0 0 3f e0 0 0 
6 80 0 0 7 ff ff ff ff 0 0 0 3f c0 20 0 
c c0 0 0 7 ff ff ff ff 0 0 0 3f c0 38 0 
18 40 0 0 3 ff ff ff fe 0 0 0 0 0 1f 0 
30 20 0 0 1 ff ff ff fc 0 0 0 0 0 3 c0 
20 20 0 0 0 7f ff ff fc 0 0 0 30 0 1 80 
20 0 0 0 0 1f ff ff f8 0 0 0 30 60 0 80 
0 0 0 0 0 f ff ff f0 0 0 0 38 60 0 80 
c 0 0 0 0 3 ff ff e0 0 0 0 3c 60 0 c0 
1e 0 0 0 0 0 ff ff c0 0 0 0 3e 60 20 40 
3f 0 0 0 0 0 1f ff 0 0 0 0 3f 60 3f c0 
20 0 0 0 0 0 0 0 0 0 0 0 3f 60 1f c0 
20 80 0 0 0 0 0 0 0 0 0 0 37 60 0 0 
20 0 0 0 0 0 0 0 0 0 0 0 33 e0 0 0 
21 0 0 1 80 0 0 0 0 0 0 0 31 e0 4 0 
ff 80 0 1 f0 0 0 0 0 0 0 0 30 e0 f 0 
ff 80 0 1 f8 0 0 0 0 0 0 0 30 60 1f 80 
ff 80 0 1 fe 0 0 0 0 0 0 0 30 60 31 80 
0 0 0 1 fe 0 0 0 0 0 0 0 30 0 0 c0 
0 0 0 1 fe 0 0 0 0 0 0 0 0 0 0 40 
0 0 0 1 fe 0 0 0 0 0 0 0 0 0 10 40 
0 0 0 1 fe 0 0 0 0 0 0 0 c 0 18 40 
0 0 0 1 fe 0 0 0 0 0 0 0 1c c0 3f 80 
0 0 0 1 fe 0 0 0 0 0 0 0 3e e0 1f 80 
0 0 0 1 fe 0 0 0 0 0 0 0 3e e0 3 f8 
0 0 0 1 fe 0 0 0 0 0 0 0 36 60 1 f8 
0 0 0 0 fe 0 0 0 0 0 0 0 27 20 0 18 
0 0 0 0 3e 0 0 0 0 0 0 0 23 30 c 0 
0 0 0 0 6 0 0 0 0 0 0 0 23 70 16 0 
0 0 0 0 0 0 0 0 0 0 0 0 33 e0 26 c0 
0 0 0 0 0 0 0 0 0 0 0 0 3f e0 22 40 
0 0 0 0 0 0 0 0 0 0 0 0 3f e0 22 40 
0 0 0 0 0 0 0 0 0 0 0 0 3f e0 32 40 
0 0 0 0 0 0 0 0 0 0 0 0 20 0 1a 40 
0 0 0 0 0 0 0 0 0 0 0 0 0 0 1e 40 
0 0 0 0 0 0 0 0 0 0 0 0 0 0 1f 80 
0 0 0 0 0 0 0 0 0 0 0 0 0 0 3 80 
0 0 0 0 0 0 0 0 0 0 0 0 0 0 0 0 
0 0 0 0 0 0 0 0 0 0 0 0 3f e0 0 0 
0 0 0 0 0 0 0 0 0 0 0 0 3f e0 4 0 
0 0 0 0 0 0 0 0 0 0 0 0 3f e0 1f 0 
0 0 0 0 0 0 0 0 0 0 0 0 0 c0 11 80 
0 0 0 0 0 0 0 0 0 0 0 0 0 40 20 80 
0 0 0 0 0 0 0 0 0 0 0 0 0 60 0 40 
0 0 0 0 0 0 0 0 80 0 0 0 0 60 0 40 
0 0 0 0 0 0 0 0 fc 0 0 0 0 20 10 40 
0 0 0 1 0 0 0 0 ff 0 0 0 0 70 38 40 
0 0 0 1 c0 0 0 0 ff 0 0 0 3f e0 3f 80 
0 0 0 1 f8 0 0 0 ff 0 0 0 3f c0 1f c0 
0 0 0 1 fe 0 0 0 ff 0 0 0 3f c0 1 f8 
0 0 0 1 ff c0 0 0 ff 0 0 0 0 0 0 38 
0 0 0 1 ff e0 0 0 ff 0 0 0 0 0 c 0 
0 0 0 1 ff f0 0 0 ff 0 0 0 0 0 f 0 
0 0 0 1 ff f8 0 0 ff 0 0 0 0 0 13 80 
0 0 0 1 ff fc 0 0 ff 0 0 0 c 0 11 80 
0 0 0 1 ff ff 0 0 ff 0 0 0 3c e0 20 c0 
0 0 0 1 ff ff c0 0 ff 0 0 0 3e e0 20 40 
0 0 0 0 ff ff e0 0 ff 0 0 0 36 e0 30 40 
0 0 0 0 3f ff f8 0 ff 0 0 0 26 20 10 40 
0 0 0 0 f ff fc 0 ff 0 0 0 27 30 10 c0 
0 0 0 0 3 ff fe 0 ff 0 0 0 23 70 f 80 
0 0 0 0 0 ff ff 0 ff 0 0 0 33 f0 7 80 
0 0 0 0 0 7f ff 80 ff 0 0 0 33 e0 3 0 
0 0 0 0 0 1f ff 80 ff 0 0 0 3f e0 0 0 
0 0 0 0 0 f ff e0 ff 0 0 0 3f e0 0 0 
0 0 0 0 0 7 ff e0 ff 0 0 0 3f c0 0 0 
0 0 0 0 0 0 ff f0 ff 0 0 0 0 0 0 0 
0 0 0 0 0 0 7f f8 ff 0 0 0 0 0 0 0 
0 0 0 0 0 0 3f f8 ff 0 0 0 0 0 0 0 
0 0 0 0 0 0 f fe ff 0 0 0 0 0 0 0 
0 0 0 0 0 0 f fe ff 0 0 0 0 0 0 0 
0 0 0 0 0 0 7 ff ff 0 0 0 0 0 0 0 
0 0 0 0 0 0 3 ff ff 0 0 0 0 0 0 0 
0 0 0 0 0 0 0 ff ff 0 0 0 0 0 0 0 
0 0 0 0 0 0 0 ff ff 0 0 0 0 0 0 0 
0 0 0 0 0 0 0 3f ff 0 0 0 0 0 0 0 
0 0 0 0 0 0 0 1f ff 0 0 0 0 0 0 0 
0 0 0 0 0 0 0 f ff 0 0 0 0 80 0 0 
0 0 0 0 0 0 0 f ff 0 0 0 f f0 0 0 
0 0 0 0 0 0 0 7 ff 0 0 0 1f f8 0 0 
0 0 0 0 0 0 0 3 ff 0 0 0 1f fc 0 0 
0 0 0 0 0 0 0 3 ff 0 0 0 3f fc 0 0 
0 0 0 0 0 0 0 0 ff 0 0 0 3c 7c 0 0 
0 0 0 0 0 0 0 0 ff 0 0 0 38 e 0 0 
0 0 0 0 0 0 0 0 7f 0 0 0 38 e 0 0 
0 0 0 0 0 0 0 0 3f 0 0 0 38 e 0 0 
0 0 0 0 0 0 0 0 1f 0 0 0 30 6 0 0 
0 0 0 0 0 0 0 0 3 0 0 0 31 86 0 0 
0 0 0 0 0 0 0 0 0 0 0 0 31 84 0 0 
0 0 0 0 0 20 0 0 0 0 0 0 31 8c 0 0 
0 0 0 0 0 60 0 0 0 0 0 0 31 8c 0 0 
0 0 0 0 7 e0 0 0 0 0 0 0 39 9c 0 0 
0 0 0 0 7 e0 0 0 0 0 0 0 3f 9c 0 0 
0 0 0 0 1f e0 20 0 0 0 0 0 1f 98 0 0 
0 0 0 0 3f e0 38 0 0 0 0 0 1f 98 0 0 
0 0 0 0 3f e0 3e 0 0 0 0 0 1f 80 0 0 
0 0 0 0 7f e0 3f c0 0 0 0 0 0 0 0 0 
0 0 0 0 7f e0 3f f0 0 0 0 0 0 0 0 0 
0 0 0 0 ff f0 3f fc 0 0 0 0 0 0 0 0 
0 0 0 0 ff f0 3f fe 0 0 0 0 2 0 0 0 
0 0 0 1 ff f0 3f ff c0 0 0 0 1f 80 0 0 
0 0 0 1 ff f0 3f ff f0 0 0 0 3f e0 0 0 
0 0 0 1 ff 80 3f ff fc 0 0 0 3d e0 0 0 
0 0 0 1 fc 0 3f ff ff 0 0 0 38 60 0 0 
0 0 0 3 f8 0 3f ff ff 0 0 0 30 70 0 0 
0 0 0 3 f8 0 1f ff ff 0 0 0 30 30 0 0 
0 0 0 3 f8 0 1f ff ff 0 0 0 30 70 0 0 
0 0 0 3 f8 0 f ff ff 0 0 0 30 60 0 0 
0 0 0 3 f8 0 f ff ff 0 0 0 38 60 0 0 
0 0 0 3 f8 0 7 ff ff 0 0 0 38 e0 0 0 
0 0 0 3 f8 0 7 e7 ff 0 0 0 1f c0 0 0 
0 0 0 3 f8 0 7 e1 ff 0 0 0 1f c0 0 0 
0 0 0 3 f8 0 7 e0 ff 0 0 0 7 80 0 0 
0 0 0 3 f8 0 7 e0 ff 0 0 0 0 0 0 0 
0 0 0 3 fc 0 7 e0 ff 0 0 0 0 0 0 0 
0 0 0 1 fe 0 7 e0 ff 0 0 0 0 0 0 0 
0 0 0 1 fe 0 7 e0 ff 0 0 0 3f fe 0 0 
0 0 0 1 ff 80 f e0 ff 0 0 0 3f fe 0 0 
0 0 0 0 ff 80 f e0 ff 0 0 0 3f fe 0 0 
0 0 0 0 ff e0 1f c0 ff 0 4 4 3f fe 0 0 
0 0 0 0 ff f8 7f c0 ff 0 7 7 0 0 0 0 
0 0 0 0 ff ff ff c0 ff 0 6 83 0 0 0 0 
0 0 0 0 7f ff ff c0 ff 0 6 c3 0 0 0 0 
0 0 0 0 3f ff ff c0 ff 0 6 41 e 0 0 0 
0 0 0 0 3f ff ff c0 ff 0 6 23 1f c0 0 0 
0 0 0 0 3f ff ff 80 ff 0 6 32 1f e0 0 0 
0 0 0 0 1f ff ff 80 ff 0 6 3c 3f e0 0 0 
0 0 0 0 f ff ff 80 ff 0 6 1c 3d e0 0 0 
0 0 0 0 7 ff ff 0 ff 0 2 8 30 70 0 0 
0 0 0 0 3 ff fe 0 ff 0 0 0 30 70 0 0 
0 0 0 0 1 ff fe 0 ff 0 1 0 30 20 0 0 
0 0 0 0 0 7f f8 0 ff 0 1 30 30 60 0 0 
0 0 0 0 0 1f e0 0 ff 0 3 3e 38 e0 0 0 
0 0 0 0 0 0 0 0 7f 0 2 11 3f fe 0 0 
0 0 0 0 0 0 0 0 7 0 4 11 3f fe 0 0 
0 0 0 0 0 0 0 0 0 0 4 11 3f fe 0 0 
0 0 0 0 0 6 2 0 0 0 4 11 3f fc 0 0 
0 0 0 0 0 7 c3 c0 0 0 0 31 0 0 0 0 
0 0 0 0 0 7 c3 c0 0 0 2 21 0 0 0 0 
0 0 0 0 0 7 c3 c0 0 0 3 c0 0 0 0 0 
0 0 0 0 0 7 c3 c0 0 0 1 c0 f 80 0 0 
0 0 0 0 0 7 c3 c0 0 0 0 0 1f c0 0 0 
0 0 0 0 0 1f ff c0 0 0 0 20 1f e0 0 0 
0 0 0 0 0 ff ff c0 0 0 0 f8 3f e0 0 0 
0 0 0 0 3 ff ff f0 0 0 3 9e 33 70 0 0 
0 0 0 0 3 ff ff f0 0 0 3 f 33 70 0 0 
0 0 0 0 7 ff ff fc 0 0 6 3 33 70 0 0 
0 0 0 0 f ff ff fe 0 0 4 3 33 70 0 0 
0 0 0 0 1f ff ff ff 0 0 4 1 33 e0 0 0 
0 0 0 0 3f ff ff ff 80 0 6 3 3b e0 0 0 
0 0 0 0 3f ff ff ff c0 0 3 6 3b c0 0 0 
0 0 0 0 7f ff ff ff c0 0 1 fc b c0 0 0 
0 0 0 0 7f ff ff ff e0 0 0 0 3 0 0 0 
0 0 0 0 7f ff ff ff f0 0 0 0 0 0 0 0 
0 0 0 0 ff ff ff ff f0 0 0 60 0 0 0 0 
0 0 0 0 ff f7 df ff f8 0 8 e0 0 0 0 0 
0 0 0 1 ff c7 c3 ff f8 0 11 f0 0 0 0 0 
0 0 0 1 ff 87 c3 ff f8 0 32 18 3f e0 0 0 
0 0 0 1 ff 7 c3 ff fc 0 26 18 3f e0 0 0 
0 0 0 1 ff 7 c3 cf fc 0 26 8 3f e0 0 0 
0 0 0 1 fe 7 c3 c7 fe 0 22 18 0 c0 0 0 
0 0 0 1 fc 7 c3 c3 fe 0 12 10 0 40 0 0 
0 0 0 3 fc 7 c3 c1 fe 0 1f f8 0 60 0 0 
0 0 0 3 f8 7 c3 c1 ff 0 f f8 0 60 0 0 
0 0 0 3 f8 7 c3 c0 ff 0 7 f8 0 60 0 0 
0 0 0 3 f8 7 c3 c0 ff 0 0 0 0 70 0 0 
0 0 0 3 f8 7 c3 c0 ff 0 0 0 3f e0 0 0 
0 0 0 3 f8 7 c3 c0 ff 0 7 f8 3f c0 0 0 
0 0 0 3 f8 7 c3 c0 7f 0 7 f8 3f c0 0 0 
0 0 0 3 f8 7 c3 c0 7f 0 0 10 0 0 0 0 
0 0 0 3 f8 7 c3 c0 7f 0 0 8 0 0 0 0 
0 0 0 1 f8 7 c3 c0 7f 0 0 8 0 0 0 0 
0 0 0 1 fc 7 c3 c0 7f 0 0 8 0 0 0 0 
0 0 0 1 fc 7 c3 c0 3f 80 0 0 0 0 0 0 
0 0 0 1 fc 7 c3 c0 3f 80 0 0 0 0 0 0 
0 0 0 1 fc 3 c3 c0 3f 80 0 0 0 0 0 0 
0 0 0 1 fc 3 c3 c0 3f 80 0 0 0 0 0 0 
0 0 0 0 fe 0 3 c0 7f 80 0 0 0 0 0 0 
0 0 0 0 fe 0 1 c0 7f 80 0 0 0 0 0 0 
0 0 0 0 1e 0 0 0 7f 0 0 0 0 0 0 0 
0 0 0 0 3 0 0 0 7f 0 0 0 0 0 0 0 
0 0 0 0 0 0 0 0 7f 0 0 0 0 0 0 0 
0 0 0 0 0 0 0 0 7f 0 0 0 0 0 0 0 
0 0 0 0 0 0 0 0 ff 0 0 0 0 0 0 0 
0 0 0 0 0 0 0 1 ff 0 0 0 0 0 0 0 
0 0 0 0 0 0 0 1 ff 0 0 0 0 0 0 0 
0 0 0 0 0 0 0 1 ff 0 0 0 0 0 0 0 
0 0 0 0 0 0 0 0 7f 0 0 0 0 0 0 0 
0 0 0 0 0 0 0 0 1e 0 0 0 0 0 0 0 
0 0 0 0 0 0 0 0 6 0 0 0 0 0 0 0 
0 0 0 0 0 0 0 0 0 0 0 0 0 0 0 0 
0 0 0 0 0 0 0 0 0 0 0 0 0 0 0 0 
0 0 0 0 0 0 0 0 0 0 0 0 0 0 0 0 
0 0 0 0 0 0 0 0 0 0 0 0 0 0 0 0 
0 0 0 0 0 0 0 0 0 0 0 0 0 0 0 0 
0 0 0 0 0 0 0 0 0 0 0 0 0 0 0 0 
0 0 0 0 0 0 0 0 0 0 0 0 0 0 0 0 
0 0 0 0 0 0 0 0 0 0 0 0 0 0 0 0 
0 0 0 0 0 0 0 0 0 0 0 0 0 0 0 0 
0 0 0 0 0 0 0 0 0 0 0 0 0 0 0 0 
0 0 0 0 0 0 0 0 0 0 0 0 0 0 0 0 
0 0 0 0 0 0 0 0 0 0 0 0 0 0 0 0 
0 0 0 0 0 0 0 0 0 0 0 0 0 0 0 0 
0 0 0 0 0 0 0 0 0 0 0 0 0 0 0 0 
0 0 0 0 0 0 0 0 0 0 0 0 0 0 0 0 
0 0 0 0 0 0 0 0 0 0 0 0 0 0 0 0 
0 0 0 0 0 0 0 0 0 0 0 0 0 0 0 0 
0 0 0 0 0 0 0 0 0 0 0 0 0 0 0 0 
0 0 0 0 0 0 0 0 0 0 0 0 0 0 0 0 
0 0 0 0 0 0 0 0 0 0 0 0 0 0 0 0 
0 0 0 0 0 0 0 0 0 0 0 0 0 0 0 0 
0 0 0 0 0 0 0 0 0 0 0 0 0 0 0 0 
0 0 0 0 0 0 0 0 0 0 0 0 0 0 0 0 
0 0 0 0 0 0 0 0 0 0 0 0 0 0 0 0 
0 0 0 0 0 0 0 0 0 0 0 0 0 0 0 0 
0 0 0 0 0 0 0 0 0 0 0 0 0 0 0 0 
0 0 0 0 0 0 0 0 0 0 0 0 0 0 0 0 
0 0 0 0 0 0 0 0 0 0 0 0 0 0 0 0 
0 0 0 0 0 0 0 0 0 0 0 0 0 0 0 0 
0 0 0 0 0 0 0 0 0 0 0 0 0 0 0 0 
0 0 0 0 0 0 0 0 0 0 0 0 0 0 0 0 
0 0 0 0 0 0 0 0 0 0 0 0 0 0 0 0 
0 0 0 0 0 0 0 0 0 0 0 0 0 0 0 0 
0 0 0 0 0 0 0 0 0 0 0 0 0 0 0 0 
0 0 0 0 0 0 0 0 0 0 0 0 0 0 0 0 
0 0 0 0 0 0 0 0 0 0 0 0 0 0 0 0 
0 0 0 0 0 0 0 0 0 0 0 0 0 0 0 0 
0 0 0 0 0 0 0 0 0 0 0 0 0 0 0 0 
0 0 0 0 0 0 0 0 0 0 0 0 0 0 0 0 
0 0 0 0 0 0 0 0 0 0 0 0 0 0 0 0 
0 0 0 0 0 0 0 0 0 0 0 0 0 0 0 0 
0 0 0 0 0 0 0 0 0 0 0 0 0 0 0 0 
0 0 0 0 0 0 0 0 0 0 0 0 0 0 0 0 
0 0 0 0 0 0 0 0 0 0 0 0 0 0 0 0 
0 0 0 0 0 0 0 0 0 0 0 0 0 0 0 0 
0 0 0 0 0 0 0 0 0 0 0 0 0 0 0 0 
0 0 0 0 0 0 0 0 0 0 0 0 0 0 0 0 
0 0 0 0 0 0 0 0 0 0 0 0 0 0 0 0 
0 0 0 0 0 0 0 0 0 0 0 0 0 0 0 0 
0 0 0 0 0 0 0 0 0 0 0 0 0 0 0 0 
0 0 0 0 0 0 0 0 0 0 0 0 0 0 0 0 
0 0 0 0 0 0 0 0 0 0 0 0 0 0 0 0 
0 0 0 0 0 0 0 0 0 0 0 0 0 0 0 0 
0 0 0 0 0 0 0 0 0 0 0 0 0 0 0 0 
0 0 0 0 0 0 0 0 0 0 0 0 0 0 0 0 
